1609 -863 -779 -15 54 -69 -10 0 14
-391 1353 -387 -94 -42 0 14 -5 3
3329 -143 333 -29 9 -45 -21 0 3
1751 3779 3413 -8 -57 -80 -5 -8 -5
-3241 1019 17 75 8 -26 5 -4 2
-1333 3071 2369 133 -15 51 -6 -9 -12
-3961 -2905 -1111 -20 59 46 15 5 0
-109 2663 -3655 7 -48 102 0 -5 4
-4417 2387 2021 99 -149 -72 7 4 -1
-1129 2879 -3211 -138 -32 21 15 -7 9
3443 -1837 3941 -116 -23 -102 -2 8 -5
1079 -2461 -151 -155 78 6 9 2 0
-1091 583 -5476 47 -25 166 0 0 5
-4127 4627 3080 36 -56 -53 11 -11 -6
-4103 -473 -1756 85 -56 36 7 6 3
-191 -4205 -796 22 112 -29 -1 5 5
-1931 763 -28 32 5 64 4 -3 -5
-911 3643 3920 -48 10 -13 7 -13 -12
-2603 -5033 -928 10 9 39 8 16 0
-3167 2851 -664 71 -132 53 5 1 -2
3373 -2957 -1240 11 60 52 -12 5 0
1473 -5012 -1468 53 24 -119 -6 8 10
-4383 -20 6404 5 0 -68 8 0 -8
-2591 4828 -636 -51 -102 119 8 -3 -6
593 2876 -5996 -35 -41 39 1 -3 9
2017 4876 6868 3 45 -99 -4 -12 -7
3761 -4100 6052 -2 45 42 -7 5 -14
6954 12363 -11543 -7 -53 -67 -9 -14 19
4313 4763 8407 43 -48 -46 -8 -4 -9
-171 -6713 -3297 83 137 -89 -4 2 9
-3401 3148 2574 12 14 -68 4 -5 0
-114 -956 15190 -55 -151 -127 3 9 -14
437 1415 2505 8 -27 -208 -5 -10 4
276 1576 573 12 -136 -40 -4 3 0
388 1184 1539 -41 -48 -79 2 -5 -4
6234 -181 -1056 9 -100 111 -15 7 -5
6060 4575 -2071 -105 -9 71 -7 -10 0
-3249 -4125 1467 -69 66 39 12 5 -6
-407 -442 -1259 43 59 73 -2 -3 -2
2261 -3487 4802 71 -16 -16 -10 9 -10
28 5735 1525 28 -154 37 -2 -3 -6
-5540 3676 1438 40 22 -50 10 -10 0
-4003 -761 4570 77 10 -83 4 1 -5
-443 -3689 -2294 10 77 11 1 9 9
1930 4438 1654 -81 9 -34 -1 -20 -4
-4055 7 -1055 17 55 51 16 -5 0
502 2653 -1622 -13 -104 89 -1 -2 -1
-2459 3031 -740 150 -45 47 -3 -9 -1
-1808 448 -992 64 -54 -18 2 3 6
2833 1414 1675 -3 54 -24 -12 -11 -5
-3592 1124 -809 -168 57 -47 15 -5 4
-3417 4274 -3189 -11 -105 93 6 -1 0
4353 -3881 -11904 -17 128 126 -6 -1 12
-2822 -3671 -704 26 176 112 3 -4 -5
357 2771 792 24 -118 57 -4 -2 -9
707 251 682 59 50 -74 -9 -6 4
-5003 -1369 3252 103 89 -108 14 -2 -5
-2003 -3379 1042 16 53 -50 8 11 0
-93 -3199 1272 -6 -19 12 1 17 -7
3837 1901 -2228 -150 -64 61 -4 -3 5
-1233 121 522 30 -17 -45 3 1 2
-753 2931 772 -36 -21 58 7 -12 -9
1866 2687 -105 -25 -7 4 -5 -10 0
1734 -525 -1887 27 -22 154 -9 4 -6
1415 -1251 16 7 34 33 -6 2 -3
4077 -1251 -2899 -68 11 39 -10 4 8
1187 40 2560 -65 34 -70 1 -3 -4
-5919 -2369 1339 97 -29 -3 15 12 -5
1946 -4283 3495 27 12 -78 -10 16 -7
-1200 -631 4078 9 -85 -70 4 10 -10
2716 1327 -311 -54 -36 -66 -6 -2 7
2254 -1852 2164 -10 -64 17 -8 13 -10
1528 1459 833 -115 -65 66 4 0 -9
-1530 1745 899 -22 -9 17 8 -6 -5
-1266 1855 -465 -34 -60 -36 8 -2 5
-3433 -3106 -1642 30 85 29 11 5 4
-7658 -1674 -69 75 3 34 10 3 -2
-906 6662 4747 29 56 -67 0 -16 -5
-3850 -2074 -1973 121 -34 -55 0 6 7
3894 1414 -3781 -55 -44 51 -4 0 4
3174 2006 -453 17 -46 -53 -7 -1 4
-8252 -1129 6700 121 -65 -185 11 7 -3
680 176 697 -22 -140 -38 0 9 1
6509 -3333 9803 -43 41 -187 -12 5 -10
-857 3395 4554 31 -101 -36 0 -1 -8
3136 -3031 -6324 -78 40 90 -1 3 6
-1616 1061 -1473 -70 -135 62 7 6 -1
-1522 -1463 -5023 144 63 -47 -6 -1 13
2291 -3292 -3287 -27 -22 73 -3 8 2
-189 -3540 3502 5 50 -146 0 4 2
5391 -1463 588 -31 47 -36 -9 0 1
-6575 4365 1363 211 -141 -45 0 0 0
2167 3621 -2171 9 -37 133 -5 -5 -4
-406 3465 3375 -10 -48 -68 2 -7 -5
544 -960 -3400 17 12 73 -3 2 5
1919 2665 -125 -25 36 -6 -4 -11 1
-4283 8587 512 37 -164 -16 5 -5 0
4948 -1834 10236 28 -50 13 -10 6 -18
7226 3946 -1970 -39 25 -13 -10 -8 4
1259 1379 1481 -21 -92 -27 -1 3 -1
256 4439 3589 -9 -77 16 0 -3 -7
4353 2994 -9450 -42 -52 67 -5 -2 12
-2111 1103 -596 32 -61 -15 9 0 5
3586 -886 2347 -66 97 -17 -14 -5 -12
3541 -805 700 -35 -69 -30 -17 12 -1
-1076 2885 358 41 -65 -49 2 -10 3
3285 -5114 -301 -65 54 -94 -2 6 6
-2919 3928 3230 4 -16 -14 5 -6 -5
-4833 364 2141 -57 -27 19 12 1 -5
-5460 1288 -763 64 -89 -97 6 3 7
2807 3623 -4483 -30 0 131 -3 -6 0
954 -1171 -896 7 -34 -97 -2 4 7
2110 -3330 -5503 -27 -58 161 -2 9 0
273 3300 2195 -12 -169 -62 0 1 -4
-798 -984 4253 50 112 -61 -1 -6 -13
-2562 -816 830 68 27 -8 5 1 -3
-798 -1425 1124 39 -54 0 0 11 -5
-3033 2098 1702 120 -184 -74 8 6 -4
-2889 1898 -2058 162 -10 127 2 -13 0
3527 -1278 1294 -120 44 -57 -12 4 -3
175 -1150 -2074 30 36 111 -5 4 2
167 1818 262 90 12 16 -12 -15 -4
2407 -1134 -2602 -84 35 59 -8 4 12
263 -1686 1406 -1 61 -81 -2 5 -1
1615 2218 1302 -9 -149 -117 -11 1 4
1567 -2966 1814 -23 158 21 -9 3 -16
2127 1554 -794 -75 -65 -3 -7 -4 6
-46 996 3386 -59 -102 -128 7 5 -8
-1661 -483 2298 45 -15 -73 6 5 -7
-539 2424 -1901 33 -186 156 0 5 -5
-607 2679 -3295 -62 -57 130 11 -11 7
-1610 2492 -1357 60 -109 88 4 -4 -1
3690 -1164 -2052 25 5 -13 -9 2 5
-6230 6090 -1091 57 -117 4 9 -5 2
2995 -7629 -6949 -21 26 27 -3 9 8
-4928 -29 1430 90 21 -57 2 -1 1
7384 -10669 -1382 0 145 17 -10 7 1
-5669 8749 7814 90 -93 -69 3 -7 -7
-13288 -16141 4622 115 94 -24 12 17 -5
-2793 1141 4677 -56 90 -50 8 -7 -5
335 -1545 -3942 -78 -41 11 4 5 6
6285 -3738 8026 -148 6 -96 -2 6 -8
-90 869 1379 -83 -7 12 5 -1 -3
-11752 1362 -5897 50 -39 156 17 0 1
114 6666 -1715 121 -160 68 -7 -2 -1
2732 -3415 4099 79 -91 -103 -9 11 -1
1591 -1122 -306 -41 15 0 -10 9 3
674 -1318 51 -43 -1 27 -1 13 -4
2459 -751 -33 -88 11 3 -12 6 0
2438 922 -19 -64 -131 -103 -15 9 14
51 852 275 54 -21 -19 -8 -5 0
296 614 149 29 -49 80 -7 1 -12
-201 544 1241 -63 -74 -28 10 5 -8
205 845 -1601 -62 -58 85 6 0 4
-733 -1045 -425 -40 107 91 12 -4 -8
-425 -296 30 43 31 51 -2 -1 -7
-3558 2741 3373 -53 7 77 9 -5 -10
2902 -2716 3475 -68 -95 -136 -1 10 2
-8573 21 -5569 112 17 -10 8 -1 10
-3303 1959 -146 132 -5 -47 -2 -3 3
-804 -4229 2812 -64 2 41 5 7 -7
9430 -2189 6280 -155 12 -26 -7 3 -9
2681 2214 -2764 -79 75 -5 0 -8 5
6506 -319 2999 -34 -43 -52 -9 3 -2
-3966 7348 6909 64 29 -27 3 -14 -10
-208 -1680 -543 98 113 37 -10 -1 0
-368 -336 305 40 -22 -84 -2 5 8
540 2144 1668 -84 -16 -30 5 -7 -4
4346 -2531 6673 -50 -68 -131 -13 16 -15
1277 -386 1679 32 99 -65 -8 -7 -1
-1341 -2278 722 13 70 -33 4 3 0
4258 428 2526 -69 -99 -115 -11 7 0
2487 2661 -2600 -92 -74 72 -2 -4 4
-1308 -518 1833 -23 13 -72 7 1 -1
3862 1330 -1115 -51 67 16 -11 -11 3
4577 -4577 -2556 -49 163 -45 -14 4 14
-274 -2740 -1412 91 45 18 -7 7 4
-3029 439 -3526 55 -23 111 12 0 9
2785 -407 -43 -78 43 98 -8 -2 -10
1542 4258 7243 -46 22 -16 0 -9 -12
-13836 -1286 -6155 97 3 -137 19 2 19
577 3360 978 -1 -26 -43 -2 -10 0
-2091 -1884 2036 91 58 43 0 2 -11
-3103 6005 1231 63 -57 90 6 -17 -12
-1102 -1079 -4450 48 -109 61 0 13 11
1819 -3103 886 -43 3 -39 -3 11 0
2486 3061 2542 -36 -13 -111 -6 -10 0
-1999 -2321 242 39 113 1 4 -1 -1
-320 1014 -1874 -10 -80 69 2 3 1
2302 -1723 -3001 -4 -9 70 -8 7 5
15794 -1875 9923 -205 129 -34 -10 -4 -11
-6280 1401 -724 -79 -55 -81 12 1 5
1793 2064 -2791 -46 -72 112 0 1 -2
684 1105 -1943 -61 -29 91 1 -8 8
-122 -1508 1047 -48 130 -76 8 -2 -1
-109 910 2035 -42 -84 -89 7 2 -10
-1188 -520 -591 104 75 57 -2 -5 -2
138 1885 -266 -12 -138 11 0 -1 1
60 -221 748 -20 24 24 2 -1 -12
983 598 1411 -70 10 -111 -1 -8 0
333 728 826 -41 -28 -38 2 -4 -4
-824 -1079 -2944 13 83 91 7 0 19
556 -668 -1200 -13 72 75 -6 -3 5
512 -833 -1486 -9 81 29 -6 -2 17
127 -624 -485 32 128 28 -7 -13 2
1392 135 340 -53 -13 -17 -12 -1 -3
1854 -1031 -419 -149 147 52 -3 -10 -3
-1402 465 505 45 -49 -104 14 0 9
-698 -96 43 53 20 -44 2 -3 6
325 1609 -584 -82 -153 67 9 0 -3
50 -2329 703 -9 169 -20 1 6 -8
-2436 1528 -5245 76 -16 48 0 -2 7
-5908 312 4675 201 121 -64 -1 -8 -5
-292 2104 -3709 108 -34 33 -6 -2 5
3596 -3512 467 -63 59 -15 -3 3 0
-2596 6040 9619 -51 -58 -37 8 -8 -16
4940 2776 -1869 -39 -55 -74 -7 -2 8
-3172 -1816 355 165 -27 -28 -4 5 1
4244 -1415 427 -181 47 57 -2 2 -7
3383 1651 2548 -52 88 -44 -10 -15 -7
1430 -3935 490 -113 57 -23 4 12 0
758 160 2338 29 -28 21 -6 2 -12
-5374 -2444 1960 57 85 -49 18 3 -4
1073 538 -2786 80 53 34 -12 -7 9
-1867 -4502 763 0 73 -36 8 13 0
338 1000 2023 -50 42 -30 3 -8 -6
-1363 2239 133 141 60 71 -7 -15 -7
12090 1346 -6163 -26 -55 64 -15 1 5
10589 -10814 373 33 31 126 -16 13 -7
8727 -2359 7232 -74 101 -113 -8 -2 -4
-1837 -1504 -6866 48 59 -15 0 -1 10
-9589 966 -1641 -21 -6 -55 14 -1 5
-1514 -2682 -83 59 -27 21 -1 5 -1
1279 10105 -900 83 -71 23 -6 -10 0
10342 3968 -1926 -19 71 -28 -13 -9 4
-1700 -4656 -3190 -67 40 115 7 6 -1
1171 5343 -1804 -18 -25 -29 -1 -8 5
-743 -7296 6215 -79 154 -68 6 4 -7
2724 -792 2147 -76 -53 -16 -3 7 -6
-4296 648 -3349 -21 -13 38 16 -1 8
566 627 543 12 71 -115 -9 -19 10
1658 -141 -1185 -40 5 81 -15 1 2
-160 -789 -807 -12 46 43 4 3 3
-28 1257 -1545 -49 -105 124 8 0 0
644 -1119 999 25 67 16 -12 4 -16
1412 -741 -549 0 29 80 -18 5 -6
741 1669 128 -69 -47 -26 2 -9 2
3065 -998 -488 -115 1 -12 -14 10 6
-1079 423 -1951 76 -33 130 0 1 1
55 1459 1619 -20 -212 10 2 15 -17
-295 1270 -698 20 -131 33 0 6 2
-2031 -4 3257 144 35 -137 0 -4 -13
237 731 394 12 5 0 -4 -7 -4
1209 168 -645 -85 39 108 -7 -9 -9
339 -537 -720 -97 5 66 11 10 0
374 -947 120 26 68 4 -12 6 -4
849 843 -1305 -148 -45 53 11 -6 13
144 398 -755 -28 -39 53 2 1 3
2000 7362 -4110 -30 11 66 -1 -10 2
-5215 5451 5328 55 -20 -96 4 -6 -2
1337 2682 9462 47 -29 58 -4 -2 -15
-5254 6387 882 36 36 -22 5 -10 0
7304 -4182 -561 -126 47 95 -3 3 -4
-2680 -5157 1350 50 52 26 1 4 -3
-2056 8220 7395 74 -31 -49 -1 -9 -7
986 8493 -7854 16 102 62 -2 -16 7
1586 280 2092 -159 71 -99 6 -12 -7
-1179 812 -1191 136 -57 38 -7 0 6
-703 1043 2582 -3 -36 -104 7 -5 -11
-514 -196 342 96 75 -49 -8 -8 3
1166 329 398 6 -30 -38 -12 1 1
606 -518 -673 -74 38 31 4 0 2
-1214 -28 440 86 18 4 0 -2 -5
32 2926 -1492 -33 -133 97 4 -10 1
612 -3837 166 -10 27 60 -1 9 -5
833 -1042 -2304 -32 68 47 0 -2 3
-25 3469 -3435 1 -92 131 0 -3 0
3017 4197 1141 -170 123 -45 4 -21 0
3875 -2654 7524 -95 157 -142 -4 -4 -11
557 4539 494 -19 -42 74 0 -7 -6
4397 -3861 -3406 -23 83 18 -8 3 6
-1618 -3396 -6271 7 -10 5 3 8 13
1967 9144 -1876 -97 -118 -33 2 -12 6
2177 4689 -12106 -73 -16 184 0 -9 14
-6433 5379 -3496 90 -194 145 8 1 -2
-613 -126 3179 20 -57 -31 0 4 -5
-478 4764 1274 -31 -34 -45 3 -8 0
-1989 -1877 1929 68 91 -98 10 6 -5
111 -799 970 8 59 -67 -2 0 0
6 -2752 669 8 206 -38 -1 -1 -1
3387 -1947 515 -151 96 -27 -12 6 -1
538 -29 1285 -90 4 -112 7 0 3
-995 811 -143 72 -161 -10 0 14 3
-3922 1341 2881 130 -60 59 0 1 -10
683 -2889 136 23 81 -20 -3 1 1
-3292 966 3946 109 -32 8 0 0 -9
-2467 1461 -1844 -27 29 -109 7 -5 11
-3277 -1719 736 31 -51 22 5 7 -3
7133 -5214 -2579 -68 -74 117 -11 16 -2
-6397 7791 -3209 104 -120 107 7 -9 0
1028 -2754 -1319 27 -1 13 -4 6 2
11498 -369 3781 -74 152 -95 -20 -9 -2
371 1312 -1142 -5 -64 59 -3 -3 2
1451 3772 -1982 -21 -108 115 -10 -18 2
-379 1192 -1457 21 -40 72 0 -5 3
1871 -1763 -542 -25 61 3 -13 7 4
-859 397 1033 53 37 -38 0 -8 -4
-859 -308 583 -19 68 -32 9 -6 -1
-994 607 -1172 -26 15 125 11 -7 -6
-662 -128 3168 41 42 -83 -1 -3 -4
2482 -2852 -2004 10 18 -80 -9 8 13
2530 -512 2412 -42 -17 11 -5 3 -9
2326 -2072 -3588 -146 -2 36 4 7 9
1870 -932 3360 -27 63 -16 -4 -2 -10
430 5680 1524 -67 -175 -52 4 -5 -1
1354 880 2676 7 25 -25 -5 -5 -7
2902 -1400 3240 30 -80 -86 -12 11 -4
-170 2668 -228 58 -87 -4 -4 -2 1
-242 -236 -696 -39 -16 3 4 2 2
2978 -2526 -1508 -45 -96 -32 -2 9 4
-3016 6384 1012 29 8 -65 3 -10 2
2366 4944 292 -65 -137 66 0 0 -4
-2710 -9888 -2984 -35 53 -176 6 12 14
-316 9840 -122 -46 -125 -15 3 -8 1
5988 -7261 -1878 -120 -4 50 -2 10 0
-1821 2543 1181 -12 -67 -11 3 0 -1
1257 2505 -3778 24 12 100 -3 -4 0
-3571 1483 -2483 38 -38 151 12 -3 -3
755 118 -2714 85 -6 8 -11 0 11
-4159 2113 -656 22 -68 -2 16 -3 3
1028 -4103 982 -60 173 -3 1 2 -4
-841 -1919 -1307 -4 25 -37 4 6 9
-631 -3977 -299 63 57 -41 -3 12 5
2666 328 3733 -39 -60 -13 -8 4 -15
6728 -565 4891 48 14 55 -11 0 -9
2009 -7156 9766 9 3 -30 -3 9 -11
7976 1385 4033 -104 -36 -103 -5 0 0
488 2438 -2363 -12 -83 -19 0 1 4
-11485 1112 1654 -45 -29 -142 17 0 5
3725 -2554 -9890 -95 65 134 0 0 6
5672 1418 434 58 -9 -116 -18 -3 7
-6186 -4238 392 61 48 -42 11 7 2
4300 2020 -1036 20 -16 67 -12 -4 -2
-4996 4974 -126 33 -49 -96 10 -9 7
-2504 -1984 -6482 -27 -18 73 8 6 11
3488 816 5362 20 -31 -89 -10 0 -7
674 4708 -4550 19 -54 62 -3 -8 7
1862 -2326 1242 -35 153 -56 -8 -2 -2
-93 -932 -611 44 44 -10 -4 1 5
-1725 -4026 -2668 32 118 39 8 13 13
-110 1108 -2277 -18 -13 142 3 -6 -1
-178 -2003 2466 -5 98 7 2 2 -17
1692 2842 2398 47 -106 -88 -16 -7 -6
-212 1754 -1529 42 3 53 -3 -12 4
2302 -357 1625 -145 66 -91 -1 -5 -2
502 -1137 1685 -33 94 -55 0 -2 -7
-623 1608 425 82 -73 37 -5 -4 -8
-2078 -687 -2440 19 -48 116 15 12 6
2629 -3835 6462 48 42 25 -6 3 -10
-126 4905 -2696 62 -110 -7 -3 -1 4
-3000 -766 1061 107 -2 15 2 3 -5
-1666 62 -3631 49 154 99 2 -13 5
910 2638 1866 81 18 16 -10 -11 -8
-3023 -2836 -388 12 4 -138 10 10 13
-401 3903 -917 18 -85 53 0 -7 -1
-1972 3952 -3189 13 -92 17 3 -2 5
-1268 1936 -981 -75 -128 80 7 4 -3
-2756 -3792 2875 54 51 -90 2 4 0
-2756 -1760 -7189 -45 -29 43 8 5 11
7196 -4992 3451 40 72 -108 -16 5 0
-1188 2928 11 5 -126 49 2 2 -3
3724 256 -5029 -33 73 157 -5 -5 0
-3707 1121 1101 61 -62 -24 15 0 -4
-1970 -2731 102 12 38 41 10 12 -5
2017 1481 2244 9 -63 17 -13 -2 -15
721 -2173 -1581 5 -31 -103 -5 16 20
3286 2624 345 -52 -41 18 -14 -11 -4
460 1373 -1392 -104 -95 10 8 2 7
442 680 2100 -8 -123 25 -2 9 -15
-8 -3577 -690 -2 47 -10 0 16 5
-197 -139 1101 132 46 71 -13 -4 -14
1099 -1237 -3039 -16 12 130 -5 6 4
-1774 9685 -4368 -24 -158 47 4 -6 4
4724 1117 -912 36 -105 -12 -9 4 2
2942 -9791 1086 67 50 -12 -8 12 -1
-1414 -3599 2724 3 26 -39 2 4 -2
-4564 -2213 1896 -2 -31 -53 7 5 0
3014 217 2382 28 -80 -159 -6 4 5
4526 1945 1716 -88 -165 26 -2 6 -4
480 -485 249 -14 99 -21 -4 -9 0
-174 -2261 1017 21 156 -85 -1 5 0
72 505 315 -19 -16 -7 2 -4 -3
-78 -659 15 -78 81 -8 13 -4 1
-823 -296 156 19 -4 -46 5 3 5
-816 -1976 -1300 71 56 -2 -2 11 13
-2455 -468 -3190 -32 110 -42 10 -7 13
-6905 -2843 -690 29 62 66 19 4 -3
-30 2382 -4340 -25 -30 43 2 -5 10
-255 -993 810 36 40 -33 -2 0 0
3295 2357 3885 -41 -29 -39 -7 -5 -9
2870 -4318 -1440 -102 30 57 -1 11 0
751 2392 1030 47 -82 54 -5 0 -6
-2352 884 2596 94 -45 45 -1 1 -9
-1250 2247 1320 -49 -92 -106 6 1 4
2868 8337 305 -41 -122 -11 -4 -11 0
-902 -856 -6278 -1 -15 66 2 3 10
-148 1812 -2537 3 -62 -18 0 0 7
6000 -2538 -3291 -134 43 -37 -5 3 10
1244 -5989 8570 30 -33 19 -5 16 -21
65 5854 -436 -29 -183 70 2 -4 -4
3540 -946 3564 -77 -54 -142 -5 7 0
-1035 3029 -486 -37 -18 46 6 -8 -2
-1760 1654 189 44 24 -20 2 -7 1
-235 104 139 -4 8 -5 1 -1 0
-2110 2754 -3136 32 32 48 4 -11 6
-53 1262 1185 73 -19 -22 -7 -5 -4
-1117 2649 197 -41 -32 30 10 -11 -4
-927 1243 -620 -61 -48 -67 11 -2 10
1360 -926 -4501 -47 121 6 0 -6 10
4695 -5711 4141 -162 121 -22 0 5 -8
8088 4004 2401 -54 -4 -22 -15 -9 -4
6406 -752 -3631 -131 25 -54 -6 0 12
5159 4526 -8068 -88 -142 -21 -6 -1 20
-1076 1626 8201 -53 -87 -87 6 2 -13
624 2058 2252 -26 76 -118 0 -13 2
2808 -1554 2996 -92 114 -124 -2 -4 0
-1932 -2982 -3592 -107 36 38 15 7 9
-1152 -1998 -5488 23 20 117 2 5 9
-4836 -4638 536 164 30 16 3 13 -3
-1368 78 -3004 57 46 -99 0 -4 18
-732 6930 380 68 -52 60 -3 -19 -6
2772 -1674 2156 -53 19 -114 -5 4 2
48 4158 2324 23 -74 -21 -2 -8 -6
2620 -576 -2147 370 -82 -306 -33 8 27
2678 1686 281 380 240 41 -26 -17 -8
-597 -2327 1361 -82 -334 196 4 19 -13
3351 -1191 477 478 -167 66 -35 8 -8
-2584 856 1660 -370 122 235 23 -8 -17
730 838 2894 102 119 413 -9 -8 -31
-2117 1885 91 -302 270 15 21 -23 0
2081 -328 2334 295 -46 333 -14 7 -27
1328 -1762 -1866 193 -251 -267 -14 8 18
-258 -3029 764 -31 -436 110 7 23 -5
545 -2899 -116 77 -415 -16 -6 28 1
-874 2541 206 -127 363 34 3 -20 -2
3249 -1043 76 464 -148 9 -28 10 2
-1625 1588 -1301 -236 230 -187 16 -11 13
-1079 2106 -1400 -154 300 -200 7 -23 14
-815 194 -2804 -116 27 -400 8 -1 31
1080 -764 2265 157 -107 323 -15 10 -22
2577 1064 754 368 157 110 -25 -9 -10
-1437 -1790 -1807 -204 -251 -258 12 14 21
-982 -2807 -996 -141 -402 -139 7 23 7
-1376 -2659 -801 -197 -377 -116 7 26 8
-385 -2206 -1427 -57 -317 -205 7 22 13
2194 137 -2273 315 16 -327 -21 -3 20
1935 200 2282 281 32 330 -26 -1 -23
607 -654 -2535 84 -95 -366 -6 8 27
-2286 1676 -806 -327 232 -112 22 -16 8
1449 -1035 -1868 210 -143 -268 -14 10 17
2300 -519 279 326 -72 41 -23 7 -2
1092 2608 -1948 155 371 -276 -12 -23 20
2049 -1120 1929 291 -160 272 -16 7 -19
-1386 2265 1042 -200 325 147 11 -19 -10
1806 2331 218 258 333 34 -18 -25 -6
396 -1687 2410 61 -241 341 -2 18 -23
1436 -3010 -199 202 -431 -25 -12 26 0
3064 -761 478 438 -101 72 -28 9 -3
-929 577 -2561 -133 81 -365 9 -5 26
-1326 2459 -1184 -188 345 -170 12 -22 11
1030 428 -2795 148 58 -400 -4 -4 27
1048 -1429 2287 152 -206 327 -11 17 -21
-1887 -1432 -1669 -268 -197 -243 20 14 18
-2076 743 2020 -296 100 285 26 -15 -20
-2502 -1786 -1187 -357 -252 -169 25 16 13
1318 2666 706 189 379 98 -5 -29 -10
1276 -316 -2436 183 -49 -346 -12 5 28
715 -1053 -2567 102 -151 -369 -9 10 25
2543 793 1225 366 116 176 -25 -5 -10
1157 -1258 2445 166 -176 344 -9 12 -25
1069 -2795 317 156 -398 45 -10 27 -2
1183 1949 -1628 170 279 -232 -15 -17 17
-1154 -3044 -177 -166 -428 -30 10 32 -1
-3032 614 -690 -432 89 -101 32 -5 5
0 -2425 1533 -2 -346 216 0 21 -12
2769 1059 967 400 149 139 -27 -10 -5
-1883 -2654 508 -264 -386 69 23 30 -5
-1608 1875 -1357 -228 267 -191 16 -21 16
-2190 -713 836 -311 -97 116 21 3 -10
2543 -1731 -75 361 -247 -10 -28 17 -1
-2248 207 -1819 -323 25 -263 18 1 22
-2655 -396 1083 -377 -57 155 26 4 -11
2458 -1121 858 354 -160 120 -31 11 -9
165 -2944 399 23 -420 60 6 24 -6
-2108 -611 2270 -299 -80 329 24 6 -27
1470 -2580 1478 207 -367 209 -15 29 -16
2362 -1673 -1411 332 -240 -198 -24 26 13
2965 1037 113 423 147 15 -29 -10 -1
347 3505 863 53 501 122 -1 -34 -6
3095 -716 91 438 -102 14 -30 12 -2
-67 -489 -2588 -10 -70 -364 -3 1 25
16 -2088 -2999 -1 -302 -430 0 17 29
1602 -2171 409 228 -310 58 -13 21 -6
-1264 -2026 1774 -177 -290 252 11 18 -18
-2273 338 238 -318 47 34 26 -9 0
-780 572 -2342 -117 81 -336 3 0 22
2509 -926 850 360 -135 121 -28 5 -5
2285 1356 -1071 330 193 -156 -18 -10 12
2780 -83 792 402 -11 113 -25 5 -4
-249 -2625 483 -38 -376 65 0 29 -4
1872 1059 -2020 272 151 -288 -16 -10 20
-527 -2320 -2734 -75 -330 -391 11 21 27
-2576 1064 84 -372 150 18 25 -15 -2
1649 2263 227 234 326 28 -16 -25 -5
-2149 -2386 -48 -310 -341 -6 22 24 0
2996 1096 1706 430 155 244 -28 -8 -12
1239 -1937 -1408 178 -280 -205 -11 19 18
-1972 517 -2541 -276 72 -361 21 -1 24
-2101 -523 -2034 -301 -74 -286 22 6 19
1480 2485 -461 211 355 -62 -11 -26 10
2189 -1308 -2532 317 -184 -363 -22 19 28
1766 247 2072 252 37 301 -15 -1 -26
800 3242 -85 119 462 -7 -8 -32 -2
-1013 -2271 -1733 -143 -325 -250 10 22 21
2719 1106 -1529 387 150 -218 -26 -10 13
-1500 2703 -813 -212 382 -116 19 -32 9
-1731 -268 -2842 -244 -36 -407 20 0 25
631 -2193 1717 93 -316 243 -5 20 -12
-394 -2217 -111 -52 -322 -14 -3 23 3
-324 -2150 -1294 -46 -308 -183 1 17 14
-1899 1045 1610 -270 149 234 23 -12 -15
1764 1815 1481 255 266 211 -17 -17 -15
-2353 985 -1938 -334 140 -277 19 -11 15
2757 -1738 -298 393 -249 -42 -31 17 4
2570 -833 627 367 -118 91 -25 8 -2
-462 2904 -179 -64 415 -30 5 -32 8
-2442 -684 -1063 -345 -99 -153 26 10 8
-2215 1710 -536 -318 246 -78 24 -17 5
-1922 -833 2348 -275 -126 330 23 9 -26
1233 2503 894 180 362 123 -12 -21 -10
1440 1909 -346 202 273 -49 -15 -22 0
2848 -323 759 406 -44 104 -28 0 -9
692 1500 2332 98 218 339 -4 -13 -22
1155 1803 -1567 163 257 -223 -10 -15 12
3172 -602 -301 456 -89 -48 -37 7 3
473 -2929 -923 64 -418 -127 -4 30 8
1609 1 1779 230 0 257 -17 0 -22
1713 -383 -2113 241 -53 -303 -15 6 27
1818 -2478 -989 261 -349 -139 -18 20 6
1473 1471 -2100 213 210 -298 -18 -12 21
749 2918 25 104 413 3 -11 -29 7
-1748 -1183 -2214 -248 -167 -318 19 11 24
2719 1030 235 393 152 33 -21 -8 -2
392 3054 1434 56 433 202 0 -30 -15
-2517 -1232 -214 -359 -176 -29 26 9 4
137 1552 2427 24 222 350 -3 -15 -27
896 2449 -1671 132 351 -236 -11 -25 16
1266 -178 3090 180 -27 442 -6 1 -28
-2173 69 -2211 -310 6 -314 26 3 20
2988 -78 1235 428 -11 177 -28 -4 -12
-915 2975 1901 -130 425 270 6 -29 -25
2022 -2233 644 288 -319 96 -22 25 -4
-2839 -55 1032 -412 -7 146 30 -4 -7
-2884 -895 837 -415 -125 113 29 7 -9
59 -278 -3342 8 -36 -477 -2 -3 31
-1953 -1923 1056 -283 -275 156 19 18 -8
3152 1186 1019 450 166 144 -26 -10 -7
1240 2411 1387 180 348 196 -15 -28 -18
1372 2079 -2027 191 299 -288 -12 -20 18
-1387 1762 1655 -197 253 239 18 -13 -21
-2815 1771 1295 -405 251 185 26 -19 -13
1112 132 -2780 158 18 -396 -12 -3 26
1124 -896 -2780 161 -128 -400 -11 2 30
412 -2031 -1549 60 -288 -221 -6 19 16
-1178 -2292 -399 -167 -322 -57 13 20 3
-1087 -2079 -1328 -157 -294 -187 11 18 12
-2352 -1505 -148 -336 -213 -25 18 13 4
369 2655 -1168 48 382 -162 -2 -25 6
-2449 867 1650 -348 128 237 27 -7 -17
-3127 75 1670 -448 15 238 35 0 -11
-2672 1035 824 -381 147 119 27 -10 -8
-138 -1979 2180 -14 -282 311 2 13 -19
-164 2742 -325 -23 385 -46 2 -27 3
-867 2635 -1769 -120 372 -249 9 -25 17
872 1645 -2349 124 234 -337 -10 -19 23
-267 -2280 1789 -38 -324 258 7 29 -16
27 -2597 1718 1 -373 247 3 26 -15
-239 2283 -2320 -32 328 -331 -1 -22 19
3205 177 61 456 31 5 -32 3 -1
558 1855 -2395 74 270 -341 -4 -16 26
336 -2956 818 53 -419 115 -4 27 -9
2354 1911 -1030 335 273 -146 -21 -18 11
133 -3059 -102 18 -437 -17 -1 32 -5
-2601 -781 523 -373 -118 74 26 2 -11
-501 -2142 1781 -73 -308 254 2 19 -18
-927 -1957 -1015 -131 -277 -150 12 19 8
1985 -981 2498 288 -136 356 -15 6 -19
-2165 -255 1808 -304 -39 258 18 1 -22
319 1669 -2333 42 233 -337 -6 -16 23
-1061 2425 1521 -153 348 220 13 -22 -15
1239 -2840 -148 179 -405 -23 -11 33 -3
2310 -1364 1816 329 -198 259 -31 11 -21
-375 -1609 -2464 -52 -233 -352 3 19 28
-627 1802 -2117 -89 256 -301 0 -18 24
-489 -2100 1636 -71 -299 230 5 23 -16
657 -394 -2765 91 -53 -395 -12 2 23
-1268 -2631 576 -177 -375 85 11 24 -5
2276 -1322 -1586 321 -185 -224 -18 13 17
1702 -2238 -919 243 -321 -133 -14 20 8
1661 -13 -2653 236 -1 -378 -9 2 30
-215 273 -2323 -31 39 -331 1 -1 24
-3123 258 -844 -446 37 -118 28 -8 9
-2328 2052 830 -330 292 124 23 -20 -7
-315 -2793 291 -45 -398 38 3 27 3
-301 1892 -1642 -43 267 -233 6 -22 13
2647 -438 -1630 384 -60 -235 -29 4 12
-1321 -527 -2659 -188 -75 -381 14 7 26
-2905 -362 -488 -413 -54 -70 32 -4 2
-1009 972 -2596 -141 138 -368 12 -10 28
-1502 515 2560 -211 67 370 12 1 -24
-1291 715 -2733 -185 103 -392 13 -8 27
882 -2114 1840 124 -304 261 -8 18 -18
-1509 -1405 2635 -218 -201 376 10 17 -24
1552 -2264 454 221 -317 65 -21 21 -4
-2583 -1737 -473 -366 -249 -71 28 12 2
1694 -28 -2113 242 -4 -301 -11 0 16
-294 -996 -2969 -39 -137 -423 2 11 29
-96 3231 52 -12 456 10 0 -31 -2
-925 666 2646 -132 94 377 10 -6 -22
-2936 563 2016 -422 78 288 29 -4 -28
377 872 -2336 52 124 -337 -7 -4 25
887 -1556 -2351 127 -220 -333 -10 17 24
1693 2427 591 244 346 87 -14 -26 -9
1709 1911 -651 244 273 -94 -17 -25 8
-1935 1939 123 -269 274 20 14 -23 0
-678 1164 -2866 -92 171 -410 4 -12 30
-1107 -1017 -2808 -156 -145 -404 8 10 30
-142 -2276 2365 -19 -323 336 -2 26 -25
-2789 -213 -1388 -396 -30 -200 28 -2 13
3207 31 -913 463 5 -130 -33 1 11
-147 -1739 1760 -21 -248 251 -3 17 -17
1616 2671 -315 230 387 -45 -20 -30 6
-46 161 2392 -4 21 341 -2 0 -15
-1087 1362 1847 -151 192 263 2 -16 -20
780 1117 -2405 112 159 -341 -5 -8 22
1622 -2420 -1126 232 -339 -158 -14 26 15
-1294 3076 901 -183 446 121 11 -25 -9
722 1485 -2475 103 212 -357 -3 -15 26
-16 -2973 1424 -2 -422 201 1 29 -18
474 2296 383 69 329 52 -9 -23 -3
2347 485 781 332 71 111 -20 -3 -10
-1455 -1905 1978 -209 -271 279 14 20 -17
305 1807 2235 39 258 322 -3 -25 -22
2449 573 -1134 344 84 -165 -24 -5 11
1201 -2312 -1787 169 -331 -255 -19 24 17
-1353 1856 -2723 -192 263 -389 15 -16 27
1617 -2319 1923 232 -332 275 -20 21 -20
2717 355 682 392 52 95 -25 -7 -6
1020 983 1757 141 146 250 -10 -12 -17
-1925 555 2338 -275 77 332 24 -1 -24
400 -828 3143 56 -121 451 -4 9 -29
-657 2973 971 -90 425 137 10 -29 -7
1759 2 -1754 249 4 -250 -21 -4 17
916 -73 -2436 125 -9 -349 -9 0 24
801 1755 2311 115 250 331 -10 -17 -26
-1241 234 -2721 -175 33 -390 8 -2 31
-1881 -1277 -1419 -268 -180 -202 13 14 14
112 -2278 1751 11 -322 253 1 24 -18
802 -465 -2768 114 -69 -396 -10 6 27
-2105 639 -1504 -298 90 -213 21 -4 15
-707 869 -2393 -101 125 -336 7 -8 23
2701 195 718 384 28 100 -25 1 -2
2778 -1008 -502 398 -144 -71 -22 11 13
2337 -1433 399 333 -199 57 -22 11 3
-511 -1453 2854 -66 -209 407 5 17 -29
-1756 1176 2557 -247 167 362 19 -18 -25
-30 -2869 -405 -3 -409 -59 0 20 4
1736 -758 -2179 247 -109 -312 -24 7 17
-737 -743 -2326 -105 -108 -335 12 10 20
-925 472 2740 -132 66 387 9 2 -31
1036 -1285 2882 146 -189 409 -7 16 -27
1382 2579 1569 194 369 221 -11 -26 -23
3082 102 670 440 14 95 -31 -2 -5
227 -1010 2564 31 -144 364 -3 9 -20
2925 -41 -790 421 -2 -112 -29 0 10
2357 -1601 -1353 337 -232 -193 -27 15 14
-2707 760 -1782 -385 109 -251 21 -4 17
1343 -2274 1387 190 -329 197 -12 21 -12
-3060 -490 -680 -432 -68 -99 27 3 3
-914 -1123 -1970 -132 -160 -280 9 10 18
-2855 1444 404 -406 207 55 24 -11 5
-988 1712 -1874 -147 244 -266 7 -16 17
1693 -2309 -753 241 -325 -107 -17 21 7
-1817 -2215 -1300 -254 -318 -191 17 17 13
994 -1137 2494 142 -165 355 -7 18 -19
-248 251 2365 -34 35 335 -2 1 -21
472 -2248 601 72 -321 85 -4 20 -7
1508 -42 2430 215 -6 346 -15 -2 -26
73 -2112 2551 4 -297 362 2 26 -23
-408 -130 2969 -58 -20 420 3 3 -32
176 2887 957 25 416 140 -4 -28 -10
-2351 -1230 -2098 -338 -172 -303 21 15 20
1153 2431 -1590 164 348 -225 -11 -19 15
205 -2803 1325 29 -392 189 -4 29 -19
-1711 405 2663 -240 57 375 17 -7 -21
-1538 2754 161 -219 392 22 18 -30 5
928 -2334 -1605 133 -335 -225 -7 19 15
-1070 1349 2926 -151 185 418 6 -17 -33
737 -2745 1311 105 -392 186 -9 29 -10
1310 381 2374 187 57 337 -13 1 -26
-1358 -1504 1515 -192 -214 214 11 17 -14
-3311 -65 283 -478 -13 41 29 -1 -7
604 2690 1738 87 392 248 -2 -31 -24
861 -2945 548 125 -419 78 -6 34 -8
-546 1589 2406 -78 224 340 3 -17 -27
2354 -782 -517 333 -112 -79 -24 7 7
30 2268 2079 2 320 305 0 -21 -17
2037 -2107 224 294 -301 32 -25 19 -2
2467 -1663 354 352 -238 57 -22 14 -5
-2607 471 1671 -374 66 240 27 1 -16
-717 2727 -1870 -106 388 -266 13 -24 17
2292 176 -1881 331 25 -271 -23 2 18
1586 -459 1689 232 -68 240 -15 4 -13
-2073 229 2569 -297 37 365 21 -2 -26
-2386 1685 1086 -338 240 152 23 -17 -11
-338 2475 -2350 -51 353 -333 7 -22 24
334 2386 -2154 47 339 -307 -3 -20 14
-1972 2121 -352 -280 304 -43 19 -16 4
-2661 914 -753 -381 134 -105 25 -9 12
1728 -2012 -1083 248 -282 -148 -18 19 14
-3085 -1035 -489 -440 -147 -69 31 15 6
97 2215 1203 8 315 170 1 -27 -10
837 -1860 2132 116 -266 309 -7 22 -18
-659 -2887 757 -91 -412 108 -1 30 -7
1982 -1943 -1617 282 -275 -227 -18 18 18
498 -1147 -2443 73 -163 -354 -4 12 27
-1666 1973 2260 -238 280 322 16 -18 -23
-1553 739 -1977 -221 108 -279 15 -6 23
1792 -1343 -2030 258 -191 -290 -15 16 25
1550 2221 416 221 313 60 -16 -28 2
1569 -1982 -517 221 -281 -74 -14 19 7
-580 -2323 -1737 -86 -332 -251 5 18 17
1312 1884 76 187 269 10 -11 -18 -3
2697 947 -1124 383 132 -158 -24 -7 4
430 2387 -574 59 339 -80 -10 -23 4
1299 2069 -1695 185 293 -242 -9 -26 18
465 -322 -3248 64 -46 -464 0 2 34
-120 -2826 709 -16 -407 106 4 31 -8
934 -2635 -620 129 -379 -88 -10 26 5
-931 -2363 488 -135 -342 65 11 25 -4
1051 2455 1233 151 344 177 -7 -27 -14
-1828 -362 1725 -260 -53 247 18 3 -17
-1124 985 -2132 -159 140 -301 14 -10 21
-3047 -1455 854 -432 -209 117 33 13 -7
-45 2738 189 -8 395 25 -1 -26 -1
2934 -790 -1309 413 -111 -188 -26 8 19
1875 1440 -2239 267 203 -316 -22 -15 22
-2211 1522 -692 -315 217 -94 23 -15 3
1954 2468 1006 278 352 144 -19 -26 -10
1161 -1945 2182 164 -280 311 -14 19 -23
-290 2688 -250 -40 387 -36 5 -26 2
2656 417 -521 380 60 -70 -28 3 8
-1884 1941 -1805 -272 275 -261 16 -16 19
-2180 1242 2765 -315 180 396 24 -9 -26
1415 -63 2897 204 -9 416 -16 -2 -27
-3108 -949 71 -446 -144 14 29 8 0
-155 -550 3101 -21 -80 446 1 7 -30
-28 -2467 -1870 -8 -352 -271 0 24 19
1687 -2369 352 249 -336 48 -11 22 -3
-1096 577 2781 -154 84 397 11 -3 -27
-918 -1760 2041 -131 -254 286 13 14 -20
915 28 3064 128 4 433 -11 -1 -31
2224 774 1504 312 110 217 -26 -7 -14
-2979 -412 502 -422 -59 66 30 5 -5
2310 -2330 -721 330 -332 -103 -26 22 6
-2312 1715 -1164 -326 247 -163 22 -17 9
-2643 485 -1625 -374 70 -234 26 -7 16
1498 -2283 -359 218 -328 -53 -14 18 6
-326 3148 193 -46 449 31 5 -32 -1
2387 -1666 -510 339 -245 -74 -24 15 9
-959 183 3077 -136 27 438 12 -4 -28
-2459 -511 1936 -348 -71 277 23 8 -20
-2817 674 -1770 -403 100 -253 32 -7 19
329 -2243 1894 50 -322 272 2 23 -18
995 -2555 822 142 -368 123 -8 25 -5
-1127 416 2077 -161 59 296 11 -4 -20
-1497 -1590 2322 -209 -232 335 18 11 -25
-2817 935 -437 -402 133 -60 29 -15 7
2535 141 1181 358 20 168 -28 -8 -9
-1571 577 -2462 -228 82 -351 11 -5 25
1211 -1343 -1917 175 -188 -279 -11 15 24
431 213 -2532 61 32 -357 -1 -2 22
1217 2470 2056 169 353 291 -14 -27 -22
776 2429 -1149 113 347 -165 -11 -24 12
2896 -1246 -494 416 -178 -69 -28 11 3
-3139 1499 -859 -452 212 -119 31 -15 9
3418 50 -1221 487 5 -174 -35 -2 13
2220 1308 687 316 182 102 -23 -17 -7
2311 -888 1434 332 -124 206 -21 6 -14
-1503 -2494 -648 -218 -356 -88 16 22 6
-1213 -603 -2544 -173 -89 -364 14 -1 21
-207 2538 1115 -31 363 161 2 -25 -16
3214 27 -399 455 3 -56 -30 0 -1
-1236 -2851 866 -176 -407 125 13 34 -11
1655 -1876 -681 238 -268 -98 -19 18 13
1863 -821 1947 266 -111 278 -19 8 -25
2320 1311 1880 331 187 267 -24 -12 -22
-752 -672 3129 -104 -98 444 6 9 -34
2341 2007 -64 331 284 -8 -26 -22 4
3182 189 -549 455 25 -78 -27 5 1
2413 1456 -1254 341 208 -180 -24 -20 14
1003 1402 2264 143 202 322 -13 -13 -30
2563 -1442 1331 365 -204 190 -30 12 -13
-1882 2031 558 -272 290 79 18 -20 -10
1139 -1668 -1998 163 -239 -286 -7 17 17
1181 704 -2836 163 102 -407 -12 -10 28
-3 -3013 578 -4 -432 85 0 33 -10
2336 1736 -1053 332 248 -150 -22 -15 10
2725 -198 -362 388 -24 -54 -27 0 10
-793 -2317 -132 -114 -331 -13 10 28 -3
-550 -183 2611 -72 -22 372 5 0 -30
803 -488 -3101 109 -70 -435 -7 3 32
-807 -2919 297 -115 -418 39 10 23 5
2864 390 379 403 52 55 -23 -6 -7
-1176 416 2802 -168 61 400 14 -3 -29
1935 1317 -1819 274 190 -257 -18 -10 17
1426 2408 423 207 344 65 -14 -24 -6
-1457 1142 -2409 -208 161 -341 13 -11 24
3059 -118 -192 437 -16 -27 -26 -4 -2
1729 2833 -428 247 404 -62 -17 -28 2
578 -2501 -2334 82 -358 -330 -7 25 23
2583 -722 -348 368 -109 -51 -26 4 6
1418 3110 1233 199 437 177 -20 -34 -14
-2889 1669 1107 -415 231 160 29 -18 -12
1596 -2575 -190 223 -359 -25 -19 29 4
2274 1127 -659 324 158 -91 -18 -4 7
264 2341 1702 37 337 246 -1 -30 -15
-1124 2011 -2546 -158 282 -361 13 -23 25
-846 -946 -2175 -121 -139 -314 7 12 18
1832 -1945 -927 264 -278 -135 -15 19 9
-2807 546 898 -403 76 130 26 -9 -11
390 -3333 244 58 -476 38 -2 31 -2
-1044 3102 356 -149 443 57 7 -31 -6
-739 1994 2170 -103 287 308 14 -14 -20
1522 -2376 -366 219 -342 -56 -14 22 -1
-143 -89 3165 -15 -15 456 0 -2 -31
-2497 1318 187 -352 186 23 23 -17 -2
-1490 1509 1698 -213 218 244 16 -17 -14
-164 2308 -1770 -29 337 -255 2 -20 19
-176 1786 2462 -26 253 351 4 -19 -24
2021 -1690 -1904 288 -241 -268 -20 17 16
1182 2188 -207 166 312 -29 -11 -22 2
133 -1983 1343 18 -283 193 -1 18 -6
-1847 -2111 -1010 -269 -304 -144 13 21 12
1977 2037 -218 283 295 -24 -19 -18 -1
-618 -2571 1853 -88 -369 265 7 25 -19
-2300 1332 -563 -325 190 -80 23 -14 3
959 -1087 2371 137 -155 333 -5 10 -18
-1153 2196 1 -159 311 4 11 -17 -2
-2464 1280 956 -357 185 133 18 -12 -10
-472 1431 -2629 -66 204 -370 0 -13 31
827 2197 -1635 118 317 -237 -10 -23 8
-2812 -660 58 -402 -95 8 26 2 -5
-1207 2250 1715 -172 316 239 5 -27 -18
1767 1626 -1479 252 227 -209 -17 -12 17
2114 -1594 322 298 -225 47 -21 13 0
-2492 1197 785 -356 173 117 28 -10 -13
3017 -885 801 433 -126 114 -29 5 -7
1832 -1572 994 259 -223 144 -14 14 -9
-1770 2902 -902 -250 418 -126 16 -28 13
916 2168 965 132 307 134 -8 -18 -8
2648 -228 -458 380 -23 -65 -25 0 4
2340 -1642 152 336 -238 22 -22 16 2
127 -3020 25 17 -435 3 -2 31 -3
-1706 2326 -134 -241 329 -15 17 -22 3
-1911 -2392 -1339 -272 -339 -187 22 19 13
-1465 2223 456 -211 314 65 18 -21 2
2258 -2275 -686 324 -331 -98 -23 24 6
-3096 -1058 -81 -442 -153 -16 23 15 -3
-459 -1469 -2958 -64 -213 -416 1 14 30
311 824 2617 42 122 373 1 -8 -26
1117 453 -2700 163 63 -385 -13 -7 26
1666 -1749 2096 238 -251 301 -13 19 -18
1816 -195 -2630 261 -27 -372 -18 5 26
-571 -2952 993 -81 -424 136 5 26 -6
1357 2651 1050 194 383 148 -12 -31 -7
2000 1370 1836 284 195 258 -21 -13 -24
2996 -540 695 428 -77 99 -27 2 -9
-1242 12 -2596 -170 -1 -370 12 -3 25
1683 -2724 1163 240 -385 168 -16 23 -15
-2422 1551 -511 -340 225 -73 23 -13 0
2115 1662 884 303 234 126 -22 -21 -9
2992 -694 158 422 -97 22 -28 6 2
1606 2543 -220 232 363 -32 -18 -20 5
2435 -57 -1513 346 -2 -210 -26 1 18
2262 760 2526 320 108 357 -23 -7 -28
-1268 -2725 -228 -186 -385 -32 5 27 4
-2579 -738 673 -365 -108 87 26 7 -6
-20 -2721 1078 -2 -390 150 6 30 -11
1793 752 2606 256 105 370 -18 -7 -26
978 -386 -3201 135 -56 -462 -14 3 32
-570 561 -2580 -79 79 -371 5 -6 25
-1498 -2689 256 -213 -385 36 10 26 1
-342 1907 2352 -49 272 329 -3 -15 -22
2629 -1241 -747 375 -172 -104 -26 11 8
2511 -253 1178 362 -41 168 -27 1 -12
-725 -1515 2394 -99 -217 339 2 12 -20
-2701 65 -1366 -387 9 -190 23 -3 10
-2223 -1478 -1895 -320 -211 -269 26 16 19
-1686 3170 422 -242 454 62 14 -31 -1
-2284 1688 -1605 -323 240 -227 25 -19 16
-1481 -3118 -946 -214 -445 -135 7 30 13
-1860 2092 1239 -269 296 180 14 -19 -11
-1615 822 -2263 -230 123 -320 21 -8 26
2563 345 -2142 370 50 -305 -28 -6 18
1686 698 2215 242 97 321 -15 -11 -20
-311 2059 2078 -43 291 296 5 -19 -18
-2578 -308 73 -365 -46 10 24 3 -4
-1075 -2476 2208 -150 -353 321 8 24 -20
-1049 1106 2466 -151 163 351 10 -7 -24
-1355 879 -2174 -193 125 -307 13 -12 15
-1498 188 2756 -214 19 391 13 2 -30
66 -2500 -1182 13 -358 -168 1 23 8
122 2004 -2691 12 283 -383 0 -14 30
-2665 -62 791 -381 -10 113 23 0 -11
1799 -1789 226 256 -257 30 -14 21 -4
1465 1710 1174 206 246 167 -7 -14 -5
-2563 247 1287 -372 33 182 32 -4 -9
-1498 3039 7 -215 434 -3 13 -30 -2
-1989 -711 1889 -281 -104 269 20 2 -19
943 2955 575 138 425 79 -13 -30 -6
-2030 1918 408 -290 274 65 18 -13 -5
-673 -2845 508 -96 -404 68 5 33 -2
-273 25 3192 -41 3 456 -5 2 -31
2653 184 171 380 29 24 -24 -3 -1
-481 -490 2534 -67 -73 362 5 1 -24
-2447 -1551 -1121 -345 -222 -160 22 15 4
1706 -852 1879 246 -124 268 -14 8 -23
-2920 84 -832 -412 11 -119 28 0 11
841 838 2118 123 123 304 -3 -7 -16
-526 -2885 -1040 -69 -408 -148 3 25 13
766 -1180 2045 110 -162 291 -2 8 -15
-421 -2256 595 -57 -320 83 -1 22 -2
2000 1537 -1992 280 219 -284 -21 -16 18
2637 92 752 377 11 107 -27 -4 -9
178 -3310 -947 22 -473 -135 -8 34 7
691 -2465 -1923 97 -347 -273 -8 30 19
-2629 -1386 365 -376 -194 52 24 16 1
2493 -107 -492 355 -15 -68 -29 0 6
2331 278 1536 333 39 222 -23 -1 -10
2472 -1282 -1318 352 -184 -188 -23 11 15
-1747 818 -2586 -244 111 -369 17 -11 30
-543 -878 -3143 -76 -120 -449 7 6 26
-1720 -1472 1862 -247 -207 267 19 17 -18
3551 -1416 -151 510 -202 -20 -34 17 -6
699 -1487 -1986 98 -213 -284 -8 13 22
2531 -926 281 362 -131 43 -29 7 0
-2738 516 407 -388 71 60 20 -11 2
2848 265 -871 406 33 -121 -29 0 5
1317 -2182 2252 185 -312 318 -15 18 -22
539 2091 1865 74 295 273 -5 -18 -17
-200 2770 90 -26 397 10 2 -28 0
-567 -215 -3493 -81 -28 -501 5 5 37
-919 -1812 2051 -131 -252 294 12 19 -22
1245 -2434 1565 178 -345 219 -12 28 -10
-1295 1287 2261 -183 183 321 15 -18 -20
2199 1965 -421 314 277 -62 -18 -21 4
847 -2403 853 118 -345 117 -8 29 -11
793 312 -3140 113 45 -446 -7 -3 32
1651 -1801 1624 237 -257 228 -19 19 -16
504 -2641 -1471 72 -376 -209 -5 26 17
849 -1931 2199 121 -279 314 -8 22 -24
2466 -590 21 355 -81 6 -18 6 0
-201 -1266 -2683 -29 -181 -382 2 13 31
2036 -1293 475 293 -184 65 -20 15 -3
1602 -2197 -1205 226 -316 -172 -16 21 13
-462 262 3066 -66 36 440 6 -1 -28
970 -1652 -2056 138 -235 -296 -5 20 20
1385 740 2461 197 106 356 -17 -12 -25
-2480 -1865 964 -355 -269 137 23 18 -3
-1990 1862 147 -283 267 20 19 -19 -8
-2466 -1231 502 -350 -177 70 30 10 -2
520 -388 2880 72 -53 414 -5 3 -28
2123 1011 1528 302 138 221 -26 -11 -17
-713 1694 2362 -106 242 341 1 -16 -23
2101 -1939 -244 300 -279 -36 -19 19 6
2480 -1547 621 356 -221 88 -26 8 -9
-230 2203 2492 -32 315 352 1 -21 -27
1265 731 2478 178 101 354 -13 -7 -21
1472 1999 303 211 286 41 -16 -21 -3
2298 -1092 1183 323 -148 169 -15 14 -11
1112 2389 -2061 157 339 -301 -14 -25 20
2997 382 -1097 431 47 -158 -29 -4 10
913 1557 -2104 124 226 -299 -9 -16 28
774 1171 2492 113 165 358 -12 -7 -28
-627 1581 -2898 -90 229 -417 10 -18 27
-2426 -436 -70 -347 -62 -9 19 2 0
-130 -2872 -500 -18 -410 -72 5 28 9
887 551 2127 123 81 299 -9 -5 -19
283 101 2902 43 17 415 1 -1 -28
